dengshuai:[-0.06819901  0.10031496  0.07667247 -0.11237432 -0.10592367 -0.10194998
 -0.0462717  -0.15959753  0.13102666 -0.14027277  0.29087722 -0.1024946
 -0.21604905 -0.0591808  -0.08223879  0.24065393 -0.16232297 -0.09194244
 -0.0540741   0.00934519  0.05919841 -0.03931605  0.08764593  0.09886297
 -0.04006441 -0.31434068 -0.11484022 -0.06077975 -0.04989716 -0.01809999
 -0.01379192  0.05473677 -0.13288492 -0.03098032  0.02416806  0.06914632
 -0.00179233 -0.10596888  0.16844594 -0.09111929 -0.25497687  0.00274674
  0.09057189  0.20225407  0.19472066  0.04822155  0.02973445 -0.16272897
  0.11130074 -0.15921992 -0.01473961  0.06595389  0.05793421 -0.00850153
 -0.01880662 -0.12605283  0.06392132  0.13649577 -0.10559515 -0.07031376
  0.10066723 -0.07568108 -0.03459976 -0.1030061   0.29444954  0.09186153
 -0.19377531 -0.10668389  0.14103636 -0.14331853 -0.05938387  0.0203231
 -0.18490401 -0.15505596 -0.29328284 -0.03367833  0.38304174  0.08658776
 -0.1729359   0.02335073 -0.06609627  0.08769655  0.06526545  0.18752651
 -0.05364902  0.0085324  -0.12592417 -0.03542234  0.19890656 -0.12061082
  0.01159589  0.27138516 -0.00466476  0.09086161 -0.02532229  0.0132615
 -0.07662145  0.05922627 -0.13990487  0.04500974  0.0312256  -0.01111796
 -0.00697151  0.12330526 -0.18680578  0.06730463 -0.03265855  0.06508539
  0.07183982  0.02589129 -0.05928205 -0.14080304  0.11347152 -0.16574916
  0.10424595  0.18848303  0.0897284   0.09741751  0.15952379  0.12670134
  0.00888018 -0.02144026 -0.2220491   0.02846274  0.12565158 -0.0732303
  0.08165854  0.01195051]
housixi:[-0.0826054   0.07623485  0.09356714 -0.10091279 -0.09077919 -0.08551437
 -0.07398625 -0.21073681  0.11608554 -0.16852406  0.26842314 -0.10174097
 -0.16588171 -0.08559424 -0.0380145   0.2026003  -0.17781349 -0.19970182
 -0.07670496 -0.03593012  0.02962349 -0.05410788  0.0104369   0.02982971
 -0.06677076 -0.33727995 -0.13646902 -0.01925784  0.01333469 -0.01676011
 -0.03515458  0.09461326 -0.17071223 -0.02060795  0.00879411  0.0774518
 -0.00377265 -0.11166417  0.19246843 -0.01605204 -0.22572657  0.05618039
  0.04695393  0.23669459  0.17128117 -0.0129776   0.05982699 -0.14854407
  0.10523042 -0.14019617 -0.01003198  0.16620746  0.04800552  0.06319537
 -0.03822263 -0.15249626  0.03101987  0.14107078 -0.10295543  0.00272798
  0.10496868 -0.11823238 -0.08292976 -0.1282275   0.28504676  0.15158907
 -0.15753154 -0.20308958  0.13685037 -0.0592157  -0.09524395  0.00858068
 -0.22993079 -0.13412395 -0.27152815  0.03390571  0.38940689  0.03792239
 -0.22982374  0.05242117 -0.08650465  0.05322207  0.09697916  0.19045477
 -0.0328724   0.03357802 -0.09639808 -0.02120776  0.20423138 -0.06959548
 -0.03961174  0.20960589 -0.00824143  0.0902959   0.015172    0.02093584
 -0.0637974   0.03821629 -0.1602011  -0.00824764  0.03371415 -0.01385591
 -0.03409281  0.11165212 -0.1112056   0.14475919  0.01255782  0.08048359
  0.01812034 -0.00256102 -0.02333414 -0.09866616  0.0977946  -0.21458316
  0.16515848  0.20111163  0.10914354  0.13013327  0.15994257  0.12317115
 -0.0079237   0.03025361 -0.19742569  0.0183413   0.09450345  0.0186703
  0.03703342  0.03766095]
wuyang:[-0.08731519  0.10737097  0.05635094  0.02366285 -0.01621375 -0.09982724
 -0.03247157 -0.15268762  0.09016769 -0.03306439  0.30680266 -0.11550587
 -0.2339153  -0.11729005 -0.05818212  0.19450197 -0.19383651 -0.04698071
 -0.0778463   0.02349419  0.12044621 -0.00197827  0.07627299  0.06077996
 -0.01303864 -0.31652114 -0.09909483 -0.08737552  0.09858711 -0.0280157
 -0.06841104  0.06467883 -0.14271963 -0.05504829  0.0090085   0.02155073
  0.03193338 -0.07210024  0.23192203 -0.07337064 -0.2243955   0.03102473
  0.06566961  0.20385548  0.23086587  0.06458562  0.03940879 -0.14698021
  0.09904625 -0.12388623  0.02916631  0.15068349  0.136255    0.02901354
 -0.04037366 -0.12931025  0.00742935  0.04738513 -0.12673366 -0.0286611
  0.13597265 -0.06318062 -0.01418156 -0.04446634  0.19045904  0.00263354
 -0.14702    -0.14111546  0.09220684 -0.17000772 -0.0576265   0.0754304
 -0.18763071 -0.14501075 -0.34655434  0.00214123  0.42670065  0.03578084
 -0.17833772  0.06658039 -0.0722338  -0.03498393  0.11560244  0.16222708
 -0.04069629 -0.02350415 -0.14997867 -0.01571422  0.20203835 -0.09998422
 -0.02415348  0.21758637  0.01248607  0.0648048  -0.02011557  0.06042228
 -0.01645185  0.0246921  -0.06919627  0.02749484  0.03998094 -0.0141052
 -0.0216747   0.07838883 -0.14732739  0.09129643  0.01004748  0.07952869
  0.06706759 -0.03288546 -0.10116855 -0.07467791  0.11773981 -0.1805312
  0.13566346  0.14193965  0.08038872  0.06432079  0.11426026  0.15388042
 -0.00583521  0.00543109 -0.20543988 -0.03221123  0.1207489  -0.01491989
  0.10250113  0.01053894]
